objectName = "sphere"
objectEdges = ( (0, 1), (1, 2), (2, 3), (3, 4), (4, 5), (5, 6), (6, 7), (7, 8), (8, 9), (9, 0),
    (0, 10), (1, 11), (2, 12), (3, 13), (4, 14), (5, 15), (6, 16), (7, 17), (8, 18), (9, 19),
    (10, 11), (11, 12), (12, 13), (13, 14), (14, 15), (15, 16), (16, 17), (17, 18), (18, 19), (19, 10)
)

objectVertices = ( (0.0, 1, 1.0),
(0.5877852522924731, 1, 0.8090169943749475),
(0.9510565162951535, 1, 0.30901699437494745),
(0.9510565162951536, 1, -0.30901699437494734),
(0.5877852522924732, 1, -0.8090169943749473),
(6.123233995736766e-17, 1, -1.0),
(-0.587785252292473, 1, -0.8090169943749475),
(-0.9510565162951535, 1, -0.30901699437494756),
(-0.9510565162951536, 1, 0.30901699437494723),
(-0.5877852522924734, 1, 0.8090169943749471),(0.0, -1, 1.0),
(0.5877852522924731, -1, 0.8090169943749475),
(0.9510565162951535, -1, 0.30901699437494745),
(0.9510565162951536, -1, -0.30901699437494734),
(0.5877852522924732, -1, -0.8090169943749473),
(6.123233995736766e-17, -1, -1.0),
(-0.587785252292473, -1, -0.8090169943749475),
(-0.9510565162951535, -1, -0.30901699437494756),
(-0.9510565162951536, -1, 0.30901699437494723),
(-0.5877852522924734, -1, 0.8090169943749471))
