(
(0.0, 1.0, 0.0), 
(0.19509032201612825, 0.9807852804032304, 0.0), 
(0.38268342717215614, 0.9238795325112867, 0.0), 
(0.5555702330196023, 0.8314696123025452, 0.0), 
(0.7071067811865475, 0.7071067811865476, 0.0),
(0.3826834271721563, -0.9238795325112867, 0.0), 
(0.1950903220161283, -0.9807852804032304, 0.0), 
(6.123233995736766e-17, -1.0, 0.0),
(-0.1950903220161282, -0.9807852804032304, 0.0), 
(-0.38268342717215606, -0.9238795325112868, 0.0), 
(-0.5555702330196022, -0.8314696123025453, 0.0),
)*( (0, 1), (1, 2), (2, 3), (3, 4), (4, 5), 
 (5, 6), (6, 7), (7, 8), (8, 9), (9, 10), )